self.board_marker_positions = [
    [10.0, 10.0, 0.0], [50.0, 10.0, 0.0], [90.0, 10.0, 0.0], [130.0, 10.0, 0.0], [170.0, 10.0, 0.0],
    [10.0, 50.0, 0.0], [50.0, 50.0, 0.0], [90.0, 50.0, 0.0], [130.0, 50.0, 0.0], [170.0, 50.0, 0.0],
    [10.0, 90.0, 0.0], [50.0, 90.0, 0.0], [90.0, 90.0, 0.0], [130.0, 90.0, 0.0], [170.0, 90.0, 0.0],
    [10.0, 130.0, 0.0], [50.0, 130.0, 0.0], [90.0, 130.0, 0.0], [130.0, 130.0, 0.0], [170.0, 130.0, 0.0],
    [30.0, 30.0, 0.0], [70.0, 30.0, 0.0], [110.0, 30.0, 0.0], [150.0, 30.0, 0.0], [190.0, 30.0, 0.0],
    [30.0, 70.0, 0.0], [70.0, 70.0, 0.0], [110.0, 70.0, 0.0], [150.0, 70.0, 0.0], [190.0, 70.0, 0.0],
    [30.0, 110.0, 0.0], [70.0, 110.0, 0.0], [110.0, 110.0, 0.0], [150.0, 110.0, 0.0], [190.0, 110.0, 0.0],
    [30.0, 150.0, 0.0], [70.0, 150.0, 0.0], [110.0, 150.0, 0.0], [150.0, 150.0, 0.0], [190.0, 150.0, 0.0]
]

self.board_marker_ids = [
    36, 28, 20, 12, 4,
    32, 24, 16, 8, 0,
    37, 29, 21, 13, 5,
    33, 25, 17, 9, 1,
    38, 30, 22, 14, 6,
    34, 26, 18, 10, 2,
    39, 31, 23, 15, 7,
    35, 27, 19, 11, 3
]
